%YAML:1.0
clTree: !!opencv-matrix
   rows: 4
   cols: 700
   dt: d
   data: [ 183., 371., 512., 654., 318., 280., 179., 606., 624., 661.,
       408., 118., 94., 83., 624., 413., 512., 654., 174., 399., 306.,
       661., 230., 142., 661., 108., 438., 654., 399., 276., 494., 654.,
       396., 324., 478., 129., 157., 82., 413., 528., 348., 152., 396.,
       413., 667., 413., 659., 143., 530., 465., 362., 318., 413., 80.,
       512., 161., 228., 512., 46., 149., 118., 583., 477., 326., 504.,
       608., 430., 465., 426., 318., 662., 94., 624., 344., 228., 192.,
       693., 528., 654., 363., 184., 83., 318., 152., 499., 654., 465.,
       193., 583., 621., 655., 380., 322., 71., 512., 0., 94., 502.,
       161., 200., 530., 157., 654., 380., 360., 172., 570., 478., 620.,
       654., 80., 477., 161., 413., 89., 94., 239., 185., 318., 366.,
       404., 161., 71., 341., 568., 458., 166., 184., 536., 477., 49.,
       624., 37., 478., 582., 465., 556., 512., 129., 413., 534., 271.,
       362., 654., 71., 380., 655., 161., 59., 438., 94., 670., 144., 4.,
       152., 115., 96., 200., 108., 685., 477., 143., 465., 624., 659.,
       462., 677., 341., 437., 318., 193., 161., 567., 583., 567., 629.,
       564., 143., 118., 318., 666., 465., 108., 666., 327., 465., 692.,
       52., 230., 318., 38., 512., 465., 465., 201., 662., 338., 161.,
       654., 94., 452., 452., 37., 273., 327., 345., 661., 458., 413.,
       52., 695., 474., 143., 129., 341., 407., 582., 82., 500., 52.,
       188., 143., 654., 594., 94., 473., 465., 504., 465., 616., 465.,
       465., 451., 129., 162., 123., 161., 404., 480., 368., 143., 211.,
       259., 318., 648., 39., 394., 43., 650., 530., 348., 404., 465.,
       655., 217., 654., 380., 344., 579., 393., 142., 214., 613., 129.,
       253., 143., 344., 80., 94., 582., 155., 94., 646., 276., 318.,
       362., 363., 226., 624., 278., 447., 93., 655., 94., 392., 462.,
       327., 325., 94., 293., 23., 230., 129., 396., 318., 179., 81.,
       10., 131., 15., 508., 294., 498., 528., 583., 404., 465., 661.,
       161., 372., 34., 539., 474., 273., 413., 161., 161., 583., 318.,
       385., 77., 41., 71., 306., 661., 624., 94., 512., 585., 218.,
       583., 214., 532., 318., 271., 71., 271., 559., 654., 164., 284.,
       478., 191., 197., 94., 129., 411., 161., 502., 591., 594., 491.,
       284., 385., 666., 41., 94., 645., 677., 318., 382., 94., 483.,
       318., 52., 113., 582., 237., 94., 699., 520., 659., 413., 335.,
       626., 528., 322., 489., 161., 27., 477., 66., 327., 647., 242.,
       318., 624., 413., 1., 522., 655., 385., 512., 666., 680., 582.,
       526., 34., 520., 530., 505., 147., 273., 322., 37., 667., 491.,
       276., 659., 4., 327., 654., 73., 654., 166., 272., 2., 291., 235.,
       59., 367., 318., 318., 129., 465., 261., 465., 99., 655., 24.,
       564., 318., 314., 66., 519., 318., 259., 438., 512., 157., 162.,
       326., 83., 326., 61., 608., 526., 512., 25., 477., 318., 624.,
       512., 654., 301., 512., 193., 282., 37., 468., 362., 57., 228.,
       322., 373., 161., 56., 34., 317., 362., 161., 402., 473., 477.,
       654., 161., 161., 4., 313., 659., 129., 71., 77., 380., 659.,
       115., 46., 474., 318., 318., 276., 146., 206., 361., 84., 465.,
       512., 412., 179., 143., 474., 393., 567., 157., 52., 482., 83.,
       655., 326., 654., 121., 326., 161., 624., 290., 368., 94., 252.,
       483., 477., 123., 57., 618., 82., 658., 161., 512., 404., 318.,
       524., 547., 692., 661., 575., 477., 512., 218., 477., 318., 94.,
       273., 654., 487., 505., 327., 465., 368., 624., 305., 385., 537.,
       504., 82., 455., 438., 161., 174., 624., 654., 582., 624., 66.,
       477., 230., 677., 583., 661., 624., 554., 230., 318., 624., 239.,
       278., 489., 357., 80., 431., 108., 564., 318., 23., 465., 82.,
       677., 183., 80., 465., 230., 355., 677., 313., 113., 227., 161.,
       531., 287., 83., 345., 355., 272., 318., 470., 143., 193., 428.,
       476., 474., 512., 116., 123., 477., 32., 654., 179., 45., 342.,
       89., 322., 51., 149., 468., 155., 575., 23., 624., 34., 228.,
       317., 461., 213., 339., 624., 621., 512., 71., 553., 462., 173.,
       91., 202., 242., 198., 318., 439., 428., 396., 584., 486., 654.,
       526., 252., 453., 483., 318., 654., 161., 318., 94., 152., 161.,
       318., 96., 548., 569., 96., 161., 465., 666., 438., 52., 572.,
       183., 474., 470., 413., 479., 230., 499., 141., 402., 161., 335.,
       654., 315., 568., 228., 328., 594., 384., 267., 27., 483., 583.,
       575., 677., 394., 228., 594., 94., 5.1227045075125210e-01,
       6.0716193656093487e-01, 9.3437395659432398e-01,
       5.8589315525876462e-01, 7.9203672787979962e-01,
       7.8385642737896488e-01, 6.7096828046744583e-01,
       7.7240400667779630e-01, 6.6933222036727880e-01,
       7.9367278797996665e-01, 7.9858096828046743e-01,
       7.6095158597662771e-01, 7.6095158597662771e-01,
       6.9223706176961597e-01, 7.6913188647746245e-01,
       5.0572621035058429e-01, 8.7220367278798006e-01,
       7.3804674457429043e-01, 6.2679465776293819e-01,
       8.0676126878130217e-01, 6.3333889816360600e-01,
       8.2803005008347241e-01, 4.5500834724540901e-01,
       5.5153589315525875e-01, 7.4459098497495824e-01,
       7.8385642737896488e-01, 7.9367278797996665e-01,
       7.4949916527545912e-01, 8.9347245409015030e-01,
       6.1207011686143575e-01, 5.4989983305509182e-01,
       6.7751252086811353e-01, 6.6769616026711187e-01,
       8.7711185308848072e-01, 5.9734557595993321e-01,
       5.8425709515859769e-01, 7.1841402337228710e-01,
       2.6031719532554259e-01, 3.7811352253756264e-01,
       7.2005008347245414e-01, 5.4662771285475797e-01,
       3.4212020033388985e-01, 6.5624373956594317e-01,
       5.7444073455759592e-01, 7.0532554257095159e-01,
       4.7954924874791316e-01, 6.2515859766277138e-01,
       7.1350584307178633e-01, 8.1821368948247075e-01,
       6.7751252086811353e-01, 7.0205342237061774e-01,
       7.9367278797996665e-01, 4.5337228714524203e-01,
       6.5951585976627713e-01, 5.8589315525876462e-01,
       5.7771285475792988e-01, 7.5440734557595990e-01,
       4.8772954924874790e-01, 5.4171953255425709e-01,
       8.6565943238731213e-01, 6.8896494156928212e-01,
       5.3517529215358928e-01, 7.3968280467445746e-01,
       5.8752921535893154e-01, 5.2699499165275465e-01,
       7.9367278797996665e-01, 5.9570951585976628e-01,
       7.1350584307178633e-01, 7.1841402337228710e-01,
       6.7096828046744583e-01, 9.0819699499165274e-01,
       3.1103505843071788e-01, 7.2659432387312184e-01,
       6.3006677796327215e-01, 7.9694490818030050e-01,
       6.8896494156928212e-01, 6.2188647746243741e-01,
       6.9387312186978300e-01, 7.5767946577629386e-01,
       7.3313856427378965e-01, 5.2208681135225377e-01,
       6.1697829716193653e-01, 2.5377295492487478e-01,
       3.8629382303839732e-01, 4.7627712854757931e-01,
       7.0532554257095159e-01, 6.4642737896494151e-01,
       8.2639398998330549e-01, 5.1881469115191980e-01,
       5.9243739565943243e-01, 7.5277128547579297e-01,
       6.0879799666110190e-01, 5.4499165275459094e-01,
       6.0716193656093487e-01, 4.2228714524207012e-01,
       6.0388981636060102e-01, 4.1410684474123538e-01,
       8.9347245409015030e-01, 7.3804674457429043e-01,
       6.2025041736227049e-01, 7.6095158597662771e-01,
       7.8222036727879796e-01, 6.7096828046744583e-01,
       7.9040066777963269e-01, 8.5420701168614355e-01,
       7.0205342237061774e-01, 7.8058430717863103e-01,
       5.5317195325542579e-01, 7.5767946577629386e-01,
       4.4846410684474119e-01, 7.4622704507512527e-01,
       6.0225375626043409e-01, 7.2005008347245414e-01,
       5.2045075125208684e-01, 6.5460767946577636e-01,
       4.0429048414023372e-01, 6.7587646076794661e-01,
       6.6769616026711187e-01, 6.7096828046744583e-01,
       9.4582637729549246e-01, 4.7791318864774623e-01,
       4.3046744574290485e-01, 7.8712854757929884e-01,
